$coord
        -16.150381946685         -1.294862100839         -1.602972118454     c 
        -16.294933318752          0.670492139628          0.503040818307     c 
          3.209899509098        -14.278752578862         -1.958517745831     c 
          4.054889806300        -13.790759936472          0.752763333594     c 
          2.629147018336         14.248953152295          1.758366152582     c 
          3.557908567915         13.719733663159         -0.917280646186     c 
        -13.710115355864         -1.001914042565         -3.109316877297     c 
        -13.991301872647          0.492445197664          2.226954050709     c 
          1.353192453130        -12.246456443159         -2.802983927163     c 
          5.263966533256        -11.186239639247          0.965134307359     c 
          0.805612483991         12.187033237407          2.602551105087     c 
          4.847571070042         11.148243125753         -1.029534447493     c 
         -3.114596242288         -4.034586444058         -3.538945098661     c 
         -3.509886667466          3.918504444617          3.343665477991     c 
          3.549148078094         -0.035372155259          0.041087913150     c 
         -4.262122783016          0.148476624071         -4.907479497324     c 
         -4.722637300212         -0.162976937822          4.943177524106     c 
         -0.057956772368         -1.457871725251         -5.710729663818     c 
         -0.605744801657          1.562739768145          5.933642670322     c 
          7.540955740615         -2.217871947105          0.268430328053     c 
          7.441400390674          2.323963586039         -0.129016872909     c 
         -7.375295791811         -2.461231477709         -2.559332723216     c 
         -7.669911145086          2.220603456392          2.173132029143     c 
          1.174914633709         -5.730343769307         -4.270681969403     c 
          0.689857697022          5.736718392434          4.264920213881     c 
          3.597939724394         -4.695369593924          0.483484065056     c 
          3.397998227475          4.621401434370         -0.435007649611     c 
         -4.901631053269         -2.117528480154         -3.712619425294     c 
         -5.288265284491          1.994534765345          3.530145870592     c 
         -0.696420222592         -3.727598300426         -4.536600919321     c 
         -1.170247950375          3.723608082857          4.537412073792     c 
          4.904411873632         -2.278474888358          0.274113730624     c 
          4.805013406283          2.266227898002         -0.175080961907     c 
         -1.856019781349          0.435497155150         -5.872344414800     c 
         -2.397004028291         -0.335915363408          6.111463675140     c 
          8.760159133822          0.081874365123          0.080652952661     c 
        -11.420244752014         -1.233113637007         -1.363741058336     c 
        -11.566309737497          0.837930890681          0.697700981331     c 
          2.517384727190         -9.610244013698         -2.622028782567     c 
          3.448073143014         -9.103479612673          0.129396698566     c 
          2.040194004368          9.577063996287          2.515944358607     c 
          3.072655169272          9.032124949398         -0.188013139869     c 
         -0.950896869227          3.570941373218         -7.440609569844     br
         -1.596403338080         -3.315769297040          8.008019298864     br
         12.373359078960          0.163056825420          0.106945105502     br
         -9.122570018220         -0.846881994325         -2.736462278821     n 
         -9.384880164541          0.565082726722          2.273609282644     n 
          0.630920881785         -7.760119575433         -3.133685526850     n 
          0.174697483788          7.698900510766          3.004744456328     n 
          4.759740767205         -6.747138138173          0.103714529419     n 
          4.465658094983          6.724253910495         -0.065602753225     n 
        -16.221672750261         -3.187338856927         -0.781359617758     h 
        -17.766885401689         -1.089751669979         -2.867325182681     h 
        -18.008949632114          0.384722735062          1.613926050791     h 
        -16.381899508494          2.559068956213         -0.326031676985     h 
          4.854976893565        -14.270732381622         -3.205404763047     h 
          2.311639524911        -16.129784888149         -2.100167792924     h 
          2.424025578310        -13.897728441317          2.013545279705     h 
          5.411778917522        -15.227371900486          1.342243846230     h 
          1.677428375324         16.077120946769          1.832065826487     h 
          4.240335857214         14.315733781720          3.047037928085     h 
          4.887108476846         15.180881284090         -1.509549362911     h 
          1.958033983546         13.745338387746         -2.221138274725     h 
        -13.652246578207          0.838585677510         -4.037351410376     h 
        -13.586317766754         -2.456046719014         -4.568433231617     h 
        -13.929659231389         -1.345152776028          3.160425365595     h 
        -14.072154023210          1.947380601162          3.688088161989     h 
         -0.333621676411        -12.287234415175         -1.617344367746     h 
          0.767528768715        -12.569727686333         -4.755171083882     h 
          6.948953219948        -11.083758674551         -0.219522924889     h 
          5.831709616547        -10.811845597447          2.912818038515     h 
          0.158659667273         12.539825989310          4.530262449864     h 
         -0.848706701418         12.154585972194          1.371789241095     h 
          6.501832342342         11.126879416171          0.201796418085     h 
          5.478463721778         10.740981747780         -2.950944272813     h 
         -3.556444706827         -5.801155847853         -2.622821173570     h 
         -3.897410971515          5.603938892045          2.264516929545     h 
          1.506507396595         -0.081373699240          0.024024826199     h 
         -5.656489487851          1.627616325766         -5.037815467543     h 
         -6.109422454774         -1.648586178476          5.082483133346     h 
          1.815419795817         -1.177827359588         -6.469119342543     h 
          1.204734069828          1.370772775459          6.854887444332     h 
          8.565373327267         -3.971907489373          0.422282534401     h 
          8.387716574405          4.122128757763         -0.273330952468     h 
         -7.605085531831         -4.216475538272         -1.470737203636     h 
         -7.856350929176          3.925626553567          1.000018012490     h 
          3.050025064569         -5.363310837469         -5.086134529855     h 
          2.525000787827          5.441134912713          5.192955943912     h 
          1.582904922634         -4.610597774553          0.978357451150     h 
          1.399313633583          4.443428273732         -0.969557395947     h 
        -11.433427784860         -3.089870824003         -0.410170482949     h 
        -11.582450838118          2.691228134217         -0.262263701581     h 
          4.169585636012         -9.432765454812         -3.882149269415     h 
          1.758651662961         -9.049338635602          1.347560353784     h 
          3.649873302946          9.465779682596          3.837691808034     h 
          1.426190172080          8.888449911094         -1.455983402046     h 
$end
