   -0.04743228
   -0.04728564
   -0.04994009
   -0.05186815
   -0.05215076
   -0.05213205
   -0.04925263
   -0.04587310
   -0.05000961
   -0.05177002
   -0.05315657
   -0.05296529
   -0.03031202
   -0.03015012
   -0.03073136
   -0.03438200
   -0.02809163
   -0.02841495
   -0.03382321
   -0.03323477
   -0.02788819
    0.06571851
    0.06535527
    0.06585191
    0.06157511
    0.06548252
    0.06210609
   -0.00182127
   -0.00313806
   -0.00360639
   -0.00130447
   -0.00270503
   -0.00248675
    0.00859545
    0.00896802
    0.00959898
    0.05461195
    0.05652326
    0.05388858
    0.05558535
    0.05334463
    0.05406212
   -0.11073989
   -0.10971051
   -0.10414681
   -0.33468165
   -0.33248737
   -0.32441850
   -0.30881868
   -0.32609299
   -0.30843426
    0.04245992
    0.05023132
    0.05905372
    0.04260465
    0.04258394
    0.05321372
    0.04308284
    0.04237847
    0.04227341
    0.04303549
    0.04222043
    0.04274714
    0.04998470
    0.05531085
    0.05583712
    0.05128315
    0.06101157
    0.04218986
    0.05331782
    0.05587693
    0.05191218
    0.05510616
    0.05566641
    0.05255333
    0.07317421
    0.07438226
    0.06856415
    0.05586544
    0.07344684
    0.07413861
    0.05682991
    0.05825641
    0.07834046
    0.03931943
    0.04389575
    0.04952579
    0.04260578
    0.04862872
    0.04212259
    0.07039537
    0.05968517
    0.05720403
    0.05834658
    0.05233733
    0.05118936
