           1           2   1.0093525396239489     
           3           4   1.0053936200922731     
           5           6   1.0088715614292743     
           1           7   1.0087448653443558     
           2           8   1.0097571964563357     
           3           9   1.0103204348422550     
           4          10   1.0026625549399044     
           5          11   1.0072577497554063     
           6          12   1.0070626841888290     
          13          28   1.3761644637431711     
          16          28   1.3784828820772022     
          22          28   1.0711406608258396     
          14          29   1.3931200697121999     
          17          29   1.3551950400502646     
          23          29   1.0817760381227013     
          13          30   1.4010940032329671     
          18          30   1.3509412028859062     
          24          30   1.0789201027684421     
          14          31   1.3804238577455687     
          19          31   1.3757065668087103     
          25          31   1.0713179687180352     
          15          32   1.3771145086076972     
          20          32   1.3702148395478153     
          26          32   1.0812623597059097     
          15          33   1.4007699377249876     
          21          33   1.3572348947924353     
          27          33   1.0702758069061542     
          16          34   1.4075373314107278     
          18          34   1.4336987859906658     
          17          35   1.4302942112684032     
          19          35   1.4107769710102294     
          20          36   1.4152651669746374     
          21          36   1.4275347713510183     
           7          37  0.98452392147419787     
           8          38  0.98236460250218960     
          37          38  0.92797679471052019     
           9          39  0.97791876430959457     
          10          40  0.97904758098564704     
          39          40  0.91313016321571172     
          11          41  0.96674133657738104     
          12          42  0.96681090595156005     
          41          42  0.95614097754172322     
          34          43  0.96815757514011003     
          35          44  0.96839719088247411     
          36          45  0.96626135879793684     
          22          46   1.8419207160714366     
          37          46   1.0293387086340522     
          23          47   1.8437890331735725     
          38          47   1.0219542871097380     
          24          48   1.8361419866047679     
          39          48   1.0265111645640690     
          25          49   1.8549895134831749     
          41          49   1.0179988379556599     
          26          50   1.8315567701140327     
          40          50   1.0284415436801242     
          27          51   1.8564854196372516     
          42          51   1.0189910062152518     
           1          52  0.97669696951648688     
           1          53  0.97642670738864112     
           2          54  0.97548362147282675     
           2          55  0.97614801704928222     
           3          56  0.97713094492859598     
           3          57  0.97817392564700401     
           4          58  0.98073314160956149     
           4          59  0.97955305516871394     
           5          60  0.97488845103416821     
           5          61  0.97700299486791053     
           6          62  0.97482139403233425     
           6          63  0.97699808472767458     
           7          64  0.97141799672002049     
           7          65  0.97407758122353982     
           8          66  0.97509180757671332     
           8          67  0.97474312941869545     
           9          68  0.97339467228142862     
           9          69  0.97617848718472233     
          10          70  0.97740887817014221     
          10          71  0.97598817373284308     
          11          72  0.97528955154151908     
          11          73  0.97585959641764886     
          12          74  0.97567905254588494     
          12          75  0.97563739131991523     
          13          76  0.96093790543416135     
          14          77  0.96195918845750050     
          15          78  0.96188099750893230     
          16          79  0.96409747317251426     
          17          80  0.96196241085332357     
          18          81  0.96195201971455013     
          19          82  0.96460684837069754     
          20          83  0.96457725363573954     
          21          84  0.96262166411201622     
          22          85  0.93827814922094732     
          23          86  0.93427853929537119     
          24          87  0.93731749046370760     
          25          88  0.93693299085255166     
          26          89  0.93827581699335239     
          27          90  0.93534766400077696     
          37          91  0.93119055979887555     
          38          92  0.94999128515379549     
          39          93  0.95385084248227836     
          40          94  0.95256260143681404     
          41          95  0.95229220493967381     
          42          96  0.95214546605964223     
