$coord
         -4.159129494718        -12.757130318676          5.913067450593     c 
         -1.756687322316        -12.516411340880          7.484410684616     c 
         -7.690201415117         11.689947949766          5.998726089439     c 
         -6.428113558961         13.238535843358          3.920845610788     c 
         13.378468217247          9.057669649864          2.197769833118     c 
         12.533598783893         10.288726910336         -0.268426487752     c 
         -5.091675414397        -10.152493721480          5.116362881315     c 
          0.273605845610        -11.131519548856          5.985080183718     c 
         -8.587211371857          9.156436626169          4.961774207758     c 
         -4.223552476915         11.777245664147          2.779474305453     c 
         12.878515455861          6.220814385902          2.133460038135     c 
          9.742980511672          9.762193256755         -0.755118214830     c 
         -5.669986807823         -1.207463890644          1.968789864478     c 
          4.892008489178         -1.600011056220          3.091290746129     c 
          1.304325752206          5.312321745269         -1.526864802732     c 
         -7.903050805131         -3.093811956319         -1.520755929119     c 
          5.469995657599         -5.514537732215          0.843694542921     c 
         -8.607777946089          1.286816537241         -0.454834223791     c 
          8.279852800553         -1.998251856287          0.079077261181     c 
         -1.814086620238          2.252339551401         -2.807569978914     c 
          2.620428309977          1.375868864433         -3.406163702499     c 
         -5.031980317900         -5.755358937003          0.983283640344     c 
          2.093436185637         -5.205794087221          4.063532616462     c 
         -6.155870409284          3.340101910653          2.942352287776     c 
          7.651688680462          2.071216451176          2.294713553640     c 
         -3.265254686870          6.228020959744         -0.907573853608     c 
          5.869843864984          4.473313891077         -2.239951690857     c 
         -6.196987400403         -3.311145835329          0.475679244040     c 
          4.158433664553         -4.083508169644          2.630150893105     c 
         -6.843643387662          1.097568918022          1.502259075910     c 
          6.947085641397         -0.546151755652          1.830876591900     c 
         -1.212841160824          4.595496390189         -1.757917385944     c 
          3.224747568707          3.734817088701         -2.392489197665     c 
         -9.098848787455         -0.805069274897         -1.931808165944     c 
          7.503683175653         -4.446018355173         -0.395042169046     c 
          0.114415815600          0.662379465248         -3.558889606292     c 
         -3.072823746243         -8.732421120477          3.589319452616     c 
         -0.630707659093         -8.508890692695          5.156781513060     c 
         -6.390459809630          7.656433764746          3.836252403590     c 
         -5.097038903750          9.240717888936          1.719275025348     c 
         10.080760736015          5.678537315455          1.683129429447     c 
          9.229484898312          6.925817251671         -0.848695096044     c 
        -11.475931447432         -0.525495396004         -4.651494797414     br
          9.304472305178         -6.410557618821         -2.843167329790     br
         -0.719201158417         -2.606066756912         -4.856360812254     br
         -4.013438942936         -6.241980794677          3.084252583529     n 
          1.307514012034         -7.411784076474          3.622755152593     n 
         -7.308333035701          5.412895658064          2.660637440845     n 
          9.658020408700          3.029873759882          1.418407929698     n 
         -2.960617238919          7.841527976278          0.823956404892     n 
          6.584453910775          6.459461303949         -1.119136791139     n 
         -3.773973573808        -13.894325185667          4.234416884618     h 
         -5.631080215919        -13.704878462654          7.003908047183     h 
         -2.168227995663        -11.473371857287          9.217683916161     h 
         -1.064780433309        -14.385691281594          8.013715583319     h 
         -6.343857582807         11.367274779154          7.530115611544     h 
         -9.299421421472         12.721948157976          6.772609486848     h 
         -5.746304328723         15.027465573823          4.687668255624     h 
         -7.808124441704         13.662764008227          2.445463531823     h 
         15.390297030904          9.393920154279          2.502380997437     h 
         12.345878073068          9.899530071833          3.774744946334     h 
         12.845294718824         12.325610880747         -0.183471301658     h 
         13.655349487051          9.537752371672         -1.830227897926     h 
         -5.560047973717         -9.025276751121          6.780185753069     h 
         -6.793962271546        -10.315456370895          3.959755956822     h 
          1.984778056034        -10.912328906953          7.117404237476     h 
          0.766083702841        -12.203730896146          4.293704723064     h 
         -9.453940053849          8.031388054921          6.459260779082     h 
         -9.998988910257          9.447042075277          3.487139776188     h 
         -2.781415011673         11.421777412544          4.209826743311     h 
         -3.351857930554         12.860305470798          1.255630419380     h 
         13.439746862516          5.350403978810          3.918347805988     h 
         13.968231114277          5.334189017684          0.624135099267     h 
          8.584814071376         10.585879781380          0.738763670230     h 
          9.154632076405         10.596466926224         -2.547872929196     h 
         -4.325316317069         -1.407186244738          3.486884790930     h 
          3.864314447488         -0.477470906252          4.452725941965     h 
          1.777563309882          7.116462647129         -0.711163426221     h 
         -8.298475321483         -4.697516529905         -2.717100302269     h 
          4.870450012912         -7.427334601075          0.482115280048     h 
         -9.531401852566          3.073135969410         -0.781783059423     h 
          9.884803838132         -1.176921657216         -0.869887119110     h 
         -3.761406925914          1.674268314931         -2.987526155602     h 
          4.095420457599          0.124201177125         -4.053141268013     h 
         -5.161210498728         -7.154801074030         -0.545599440724     h 
          1.310409000568         -4.030735079017          5.589429494004     h 
         -4.541240391169          3.129417463819          4.234008166753     h 
          6.315849654991          3.169982449737          3.448011152633     h 
         -5.094074081150          5.929852334547         -1.846416127367     h 
          7.211099919902          3.186133559292         -3.168442889250     h 
         -2.664015897433         -9.778412967330          1.834067709939     h 
         -1.059946220667         -7.323637325043          6.820376686632     h 
         -4.953528952472          7.247739565377          5.294248063683     h 
         -6.517784863242          9.515411190950          0.220795776447     h 
          8.915063967034          6.504891355309          3.203531596010     h 
         10.333929406377          6.024589912272         -2.369742023306     h 
$end
