   -0.04967047
   -0.05164125
   -0.05200664
   -0.05202453
   -0.05193538
   -0.05204154
   -0.04940632
   -0.05230658
   -0.05248398
   -0.05231782
   -0.05351854
   -0.05212390
   -0.02934533
   -0.02433505
   -0.02412233
   -0.03294482
   -0.03418809
   -0.02966771
   -0.03459868
   -0.03247718
   -0.03193053
    0.06484359
    0.06404923
    0.06655150
    0.06221690
    0.06749576
    0.06834528
    0.00033440
   -0.00197835
   -0.00337665
   -0.00324679
   -0.00217648
   -0.00056865
    0.00824906
    0.00895726
    0.01118276
    0.05181360
    0.05193652
    0.05484792
    0.05457068
    0.05030739
    0.05344842
   -0.10947510
   -0.11272590
   -0.10370858
   -0.31872515
   -0.31751067
   -0.31969478
   -0.31076611
   -0.31628327
   -0.31217523
    0.04258174
    0.05588368
    0.04352346
    0.04231961
    0.04301670
    0.04198711
    0.04188551
    0.04314857
    0.04187244
    0.04333580
    0.04184503
    0.04245156
    0.05774362
    0.04104999
    0.05679524
    0.04742942
    0.05401663
    0.05618291
    0.05629380
    0.05441952
    0.05395936
    0.04811086
    0.05726950
    0.05388359
    0.07248150
    0.09334114
    0.08507588
    0.05882885
    0.05584957
    0.07383860
    0.05497329
    0.06121695
    0.05982247
    0.04592657
    0.03867801
    0.05044077
    0.03762156
    0.05370013
    0.04739697
    0.05078855
    0.07216383
    0.05212860
    0.05253150
    0.06508163
    0.04545615
