           1           2   1.0045088530769215     
           3           4   1.0091499083121536     
           5           6   1.0092340882073492     
           1           7   1.0108094905759624     
           2           8   1.0039333086370148     
           3           9   1.0078729457522972     
           4          10   1.0080866561544617     
           5          11   1.0076861490614157     
           6          12   1.0079273052496371     
          13          28   1.3824260700060838     
          16          28   1.3753188518037518     
          22          28   1.0692182513326718     
          14          29   1.3866721679132414     
          17          29   1.3663947630446909     
          23          29   1.0754750797705248     
          13          30   1.3936594957155417     
          18          30   1.3528536172344972     
          24          30   1.0817525817699303     
          14          31   1.3873863007132794     
          19          31   1.3646942966291149     
          25          31   1.0768804758043347     
          15          32   1.3904399144959425     
          20          32   1.3631993738515744     
          26          32   1.0743508918701741     
          15          33   1.3857541043481951     
          21          33   1.3666909602999577     
          27          33   1.0748573456023447     
          16          34   1.4092704575557575     
          18          34   1.4306161256001253     
          17          35   1.4189532866080881     
          19          35   1.4199923352266484     
          20          36   1.4228653551957477     
          21          36   1.4207544499353841     
           7          37  0.96270867039401053     
           8          38  0.96861466575241706     
          37          38  0.94346334575845769     
           9          39  0.98124971368397662     
          10          40  0.98537593970399173     
          39          40  0.90031036930341302     
          11          41  0.97305016191210469     
          12          42  0.98245283569421882     
          41          42  0.92054215820868390     
          34          43  0.96830605159136851     
          35          44  0.96761976454170728     
          36          45  0.96398447180486613     
          22          46   1.8539233414330074     
          37          46   1.0241639858005898     
          23          47   1.8483460783375685     
          38          47   1.0190187894173228     
          24          48   1.8184570886540223     
          39          48   1.0354113942847996     
          25          49   1.8455029492532822     
          41          49   1.0175262029965770     
          26          50   1.8309518947632242     
          40          50   1.0303962565959335     
          27          51   1.8461705784085589     
          42          51   1.0263065837517233     
           1          52  0.97694195447464405     
           1          53  0.97815872961028227     
           2          54  0.98048654443968863     
           2          55  0.97874792782276732     
           3          56  0.97685144779864674     
           3          57  0.97561607338437673     
           4          58  0.97581160215734464     
           4          59  0.97685700986187385     
           5          60  0.97505018032619184     
           5          61  0.97636782548246526     
           6          62  0.97545321426911036     
           6          63  0.97705002743572367     
           7          64  0.97565257597536115     
           7          65  0.97506761209966897     
           8          66  0.97721266520720851     
           8          67  0.97675621563993742     
           9          68  0.97394653583061763     
           9          69  0.97476278798510485     
          10          70  0.97452444389540904     
          10          71  0.97335685310830811     
          11          72  0.97479402907077928     
          11          73  0.97367377288005863     
          12          74  0.97400639624025864     
          12          75  0.97429734846787541     
          13          76  0.96225715024461700     
          14          77  0.95845649328621418     
          15          78  0.95938771856401073     
          16          79  0.96416866782488597     
          17          80  0.96404044447696169     
          18          81  0.96160160899199976     
          19          82  0.96415303002753849     
          20          83  0.96397363328749819     
          21          84  0.96536930166620127     
          22          85  0.93694053693712376     
          23          86  0.93735726358004667     
          24          87  0.93784250448270789     
          25          88  0.93613777652921004     
          26          89  0.93688843003160183     
          27          90  0.93562845801348671     
          37          91  0.95184959894894461     
          38          92  0.96047727765864244     
          39          93  0.95266871989103363     
          40          94  0.95176221098437286     
          41          95  0.96293479309884966     
          42          96  0.94998702795492151     
