$coord
         -4.119444950450          0.262187340779         -0.001186690260     c 
          0.030430409462          2.152491308300         -0.001082261169     c 
         -0.401051001889         -2.386814610855         -0.000732192082     c 
         -3.730369757763          4.945390202519         -0.001718308153     c 
         -4.639281626161         -4.399284397822          0.000776296018     c 
         -2.598367462540          2.405510894780         -0.001219011943     c 
         -3.025723298654         -2.134633934005         -0.000426048542     c 
          1.089507778169         -0.235802771079         -0.001760121930     c 
          4.686843343004         -0.582594886825          0.000322491182     br
         -2.549727229209          6.899378380885          0.002995333926     o 
         -6.922199970195         -4.368727638826          0.001586288496     o 
         -6.154480567438          0.414484509973         -0.001736376767     h 
          1.185847859940          3.834718073486         -0.001163367829     h 
          0.456474832649         -4.237534302589         -0.000382076509     h 
         -5.816067547952          4.948590345511         -0.006635403041     h 
         -3.591252932713         -6.202901271872         -0.000808698015     h 
$end
