           1           6   1.3822709226630270     
           2           6   1.3689839724620636     
           4           6   1.0524520120541119     
           1           7   1.3923422260121394     
           3           7   1.3604768308709649     
           5           7   1.0512071654433801     
           2           8   1.4142155592049916     
           3           8   1.4208539766678667     
           8           9  0.98455249183675697     
           4          10   1.8614586597308473     
           5          11   1.8629634526978744     
           1          12  0.95859616657888669     
           2          13  0.95969572759310617     
           3          14  0.95913751854269280     
           4          15  0.93174466320796756     
           5          16  0.93147715064092063     
