$coord
        -13.620497682194         -0.694329744630         -1.351959040908     c 
        -13.635103853291          0.765930658283          1.132821564177     c 
         13.620335371365         -0.693232840164         -1.351906042977     c 
         13.634546502811          0.765896081778          1.133535488845     c 
        -11.266394049132         -2.344316389370         -1.530901276635     c 
        -11.257580847295          2.375265882929          1.365269010804     c 
         11.266327176833         -2.343233162173         -1.531872920238     c 
         11.256954177887          2.375076249308          1.366331695924     c 
         -0.000130021838         -1.800804755480         -2.425193599022     c 
         -0.000342431948          1.727909621249          2.366907543419     c 
         -2.283988966193         -5.423197804267         -0.881649561056     c 
         -2.283577693796          5.396895112991          0.934804188109     c 
          2.284271550331         -5.423054481593         -0.882208926362     c 
          2.283390841284          5.396629409019          0.934904884802     c 
         -4.640105771741         -1.598263921998         -2.216168874868     c 
         -4.647213073933          1.541991959934          2.150420331743     c 
          4.639890848295         -1.597831975811         -2.216703925448     c 
          4.646548053860          1.541476002389          2.150405305587     c 
         -2.286933889412         -2.984390871596         -1.884210885215     c 
         -2.286954944171          2.927767413891          1.860113362770     c 
          2.286870059004         -2.984207939888         -1.884665364872     c 
          2.286423452512          2.927484080665          1.860173117227     c 
          0.000236154517         -6.605869672669         -0.429838797306     c 
         -0.000010302030          6.594389313517          0.522356109558     c 
         -8.864582165530         -0.758434710705         -1.328230395048     c 
         -8.875989601670          0.753289309522          1.208493000814     c 
          8.864319354917         -0.757725707639         -1.328635628069     c 
          8.875455393340          0.753057245695          1.208657881482     c 
          0.000553317805         -9.959908404227          0.925627792094     br
          0.000203965492          9.993131985679         -0.715341757694     br
         -6.698265700420         -2.360983157704         -1.269382522975     n 
         -6.689528145446          2.330030121098          1.190031003978     n 
          6.698194081318         -2.360552111971         -1.270217237037     n 
          6.688975708442          2.329743022026          1.190450216625     n 
        -15.302468004389         -1.880028823990         -1.486254402731     h 
        -13.649757559121          0.634561789749         -2.931447914825     h 
        -15.298518831478          1.981130731884          1.229749057622     h 
        -13.723133437367         -0.562175510149          2.710686903099     h 
         15.302366404596         -1.878821553859         -1.486515121417     h 
         13.649763258157          0.636381213546         -2.930787432740     h 
         13.722347941217         -0.562931610856          2.710804618286     h 
         15.297936801555          1.981057426768          1.231264839876     h 
        -11.253867448877         -3.740311274714         -0.013281455065     h 
        -11.232359634275         -3.357914440806         -3.327847475154     h 
        -11.190013286474          3.773797190567         -0.148673891996     h 
        -11.245228006207          3.385133619876          3.164519568925     h 
         11.232553709696         -3.355944339143         -3.329324920727     h 
         11.253749575142         -3.739992207148         -0.014953244967     h 
         11.244311655607          3.384239582593          3.165975829536     h 
         11.189501727455          3.774188877655         -0.147078210617     h 
         -0.000295478494          0.085882833098         -3.205159499106     h 
         -0.000456323274         -0.180717900274          3.091517579950     h 
         -4.062980453091         -6.326135218849         -0.468980428411     h 
         -4.062879190236          6.312244673174          0.552139854800     h 
          4.063410765799         -6.325903499519         -0.470010572639     h 
          4.062857531142          6.311696992611          0.552303285481     h 
         -4.494230345801          0.188421815971         -3.267409704264     h 
         -4.520905693680         -0.257052297372          3.182399072666     h 
          4.493771207402          0.189023708237         -3.267621162708     h 
          4.520034114467         -0.257859583951          3.181844505185     h 
         -8.763178262422          0.638846223853         -2.872747446479     h 
         -8.821855915540         -0.644760927180          2.754153851963     h 
          8.762701238712          0.640124906350         -2.872623995974     h 
          8.821176029371         -0.645529206603          2.753828058107     h 
$end
