   -0.05206011
   -0.05177249
   -0.05180469
   -0.05210304
   -0.05215583
   -0.05473715
   -0.05465501
   -0.05198467
   -0.03107304
   -0.03073208
   -0.02782995
   -0.03410401
   -0.03417168
   -0.02785300
    0.06827723
    0.06109958
    0.06104620
    0.06795224
   -0.00225678
   -0.00214634
   -0.00217526
   -0.00199474
    0.00892428
    0.00891885
    0.05464316
    0.05066151
    0.05069936
    0.05427842
   -0.10910296
   -0.10927784
   -0.31289517
   -0.31373039
   -0.31581688
   -0.31349408
    0.04293309
    0.04366903
    0.04265856
    0.04411356
    0.04266722
    0.04409122
    0.04361343
    0.04294150
    0.05823801
    0.05508325
    0.04909629
    0.04926157
    0.05026540
    0.04824443
    0.05540694
    0.05841119
    0.07247122
    0.07238196
    0.07608211
    0.05590139
    0.05602715
    0.07585724
    0.05489493
    0.03955181
    0.03953873
    0.05758830
    0.05176190
    0.06460769
    0.06418079
    0.05188647
