           1           2   1.0094656563492590     
           3           4   1.0093436473960022     
           1           5   1.0085405442191462     
           2           6   1.0067511449895528     
           3           7   1.0070413863460397     
           4           8   1.0086311890727060     
           9          19   1.4008508257708268     
          11          19   1.3525031032495702     
          15          19   1.0758545471486580     
          10          20   1.3766661472288186     
          12          20   1.3736557761848383     
          16          20   1.0759775996086742     
           9          21   1.3761710928016124     
          13          21   1.3748201066690333     
          17          21   1.0754564441061234     
          10          22   1.4016238813518673     
          14          22   1.3545498711618076     
          18          22   1.0717492172077938     
          11          23   1.4328988869263075     
          13          23   1.4099856162047706     
          12          24   1.4117660449126523     
          14          24   1.4311804332885016     
           5          25  0.98639288354640253     
           6          26  0.98395649972743437     
          25          26  0.91826603392178607     
           7          27  0.98398457592747490     
           8          28  0.98723720299600048     
          27          28  0.91658549721314608     
          23          29  0.96580529779746860     
          24          30  0.96598244616749351     
          15          31   1.8422552486073174     
          25          31   1.0241088473372499     
          16          32   1.8361067999366467     
          26          32   1.0306997724214051     
          17          33   1.8343214193094890     
          27          33   1.0314762705780161     
          18          34   1.8483556842886975     
          28          34   1.0218127439559388     
           1          35  0.97574241510500426     
           1          36  0.97693010442730255     
           2          37  0.97644507754755139     
           2          38  0.97682912512964604     
           3          39  0.97640640074871954     
           3          40  0.97674604642479912     
           4          41  0.97698875635814375     
           4          42  0.97580845740908395     
           5          43  0.97441200066920397     
           5          44  0.97448888556640567     
           6          45  0.97454789787154783     
           6          46  0.97315361895375974     
           7          47  0.97382451040256912     
           7          48  0.97414353021303290     
           8          49  0.97413554773649791     
           8          50  0.97446043918096015     
           9          51  0.96073349772877126     
          10          52  0.96102763625570309     
          11          53  0.96120062748130242     
          12          54  0.96409969304302068     
          13          55  0.96437621834096221     
          14          56  0.96119899521935226     
          15          57  0.93756269645285961     
          16          58  0.93818793631514408     
          17          59  0.93860016669907320     
          18          60  0.93713748217574233     
          25          61  0.95311527134889906     
          26          62  0.93920051547020211     
          27          63  0.94277194970717171     
          28          64  0.95320060851432287     
