$coord
         -3.629637959122         -1.326099442368         -0.554430237989     c 
         -3.634235019661          1.340771364779          0.542744191427     c 
         -1.259639182908         -2.747753566357          0.264206973860     c 
         -1.261988138719          2.764353469573         -0.266791511223     c 
          1.132784283096         -1.346377397812         -0.547518797199     c 
          1.133181038618          1.350894579446          0.558547540384     c 
          3.352226842098         -2.811846041910          0.157119446327     n 
          3.476754969970          2.608834115056         -0.173299635173     n 
         -3.688432983685         -1.221018949680         -2.615183914932     h 
         -5.306769412767         -2.348664119089          0.076437881892     h 
         -3.696567238925          1.235211342037          2.603932910685     h 
         -5.310959417266          2.364526475117         -0.090177869699     h 
         -1.227352219557         -4.637812890524         -0.557772830412     h 
         -1.249109064135         -2.951217517170          2.319559679492     h 
         -1.259227933755          4.662621173102          0.553193877038     h 
         -1.244440928168          2.961900725099         -2.325107553752     h 
          1.163410493489         -1.197026200068         -2.617549658502     h 
          1.160784289181          1.212904766165          2.629965821094     h 
          3.367841031945         -3.067300872112          2.061065682792     h 
          4.922269145125         -1.795320789106         -0.275496425149     h 
          3.543427004025          4.370064979550          0.583796518014     h 
          3.532573490781          2.805878764896         -2.083176865725     h 
$end
