           1           2   1.0091462014067942     
           1           3   1.0084339977197512     
           2           4   1.0084432735541866     
           3           5  0.99536248094270041     
           4           6  0.99538174717471894     
           5           6  0.97685511262511837     
           5           7   1.0084943896059901     
           6           8   1.0084837064674965     
           1           9  0.97721757806997789     
           1          10  0.97684137171348917     
           2          11  0.97720700818031503     
           2          12  0.97683810954961814     
           3          13  0.97515082304240963     
           3          14  0.97558980870766876     
           4          15  0.97514621063693852     
           4          16  0.97558425592644249     
           5          17  0.96068975671583967     
           6          18  0.96069285229549606     
           7          19  0.96168454974175965     
           7          20  0.96309202598304189     
           8          21  0.96169371284402938     
           8          22  0.96307777528769423     
