$coord
         -9.061221892830          8.221633080000          3.729700283795     c 
         -9.611559797562          6.991251695698          6.276704893177     c 
          9.905370712075         -3.544764285223         -8.294190428175     c 
          9.525003240880         -1.797383673100        -10.554777057502     c 
         11.447334779465         -5.748563416727          7.524412535225     c 
         12.193975941067         -4.140718105120          5.250083328411     c 
        -13.967582856641          0.377172267947         -4.237098194280     c 
        -13.722290393204         -1.453399259825         -2.025185449579     c 
         -6.288453220193          7.879747621997          3.032515123760     c 
         -8.916511239731          4.197315288265          6.206905781817     c 
          9.643858169189         -2.076478113969         -5.829055342250     c 
          6.949507047034         -0.514180064729        -10.413371062468     c 
          8.711671735857         -5.240326382695          8.276725004207     c 
         10.419372259496         -4.626234998269          3.031075477431     c 
        -11.778040848921          2.247888630362         -4.226781746253     c 
        -11.204647667778         -2.845466202573         -2.153517195164     c 
          1.865029951967          3.354067159084          0.401562537098     c 
         -0.690084736823         -3.307078297922          6.451857520862     c 
         -0.747605611020          3.402655409645         -6.154467940478     c 
         -0.366517440867         -2.710477612171          0.109330926843     c 
          3.458376024888          6.001661498644          3.739711890870     c 
         -4.959952748536         -4.122753771770          5.095948267505     c 
          6.357995461105          3.792137906493          0.985418176699     c 
         -1.835082434759         -7.442014212213          4.934361963135     c 
          1.159280327163          7.152797326363         -4.423767735409     c 
          2.199495462258         -5.810801238133         -2.013740178480     c 
         -3.267859060308          6.295406799037         -3.703826117547     c 
         -2.116970523450         -5.091224294294         -3.342678107899     c 
         -1.157683990805          5.568408765713          3.221066758613     c 
         -3.746885347265          0.208487971309          6.360665697918     c 
          4.727589189490          1.057474563816         -2.453447471458     c 
          2.629528151115         -6.551496291621          5.861551262615     c 
          3.861277693036          4.075005774247         -6.617825390116     c 
          3.963969078906         -3.394527874837          1.608150462475     c 
         -5.218539514529          2.378956015986         -5.375128060869     c 
         -4.779740946729         -1.917615062295         -1.123155400139     c 
          1.415647673900          4.970299904988          2.431618442750     c 
         -3.136870712283         -2.455098095107          6.022676173198     c 
          4.318270755436          2.748966134146         -0.323628442008     c 
         -0.007203816921         -5.777954393392          5.846950346657     c 
          1.376970211834          4.918486939707         -5.800981406117     c 
          1.927791428150         -3.976995363520         -0.140864854246     c 
         -3.059502961635          4.062555618509         -5.097094446009     c 
         -2.398605978080         -3.260066762317         -1.464159563848     c 
          5.890017140381          5.392583049393          2.992291352051     c 
         -4.285590487770         -6.593516541319          4.608345099334     c 
         -1.161030496662          7.800097267974         -3.411041199692     c 
          0.175406115524         -6.318907076997         -3.586695332864     c 
         -5.600298700666          5.070194281402          2.898329724902     c 
         -6.138210160807          3.825710482722          5.495183176994     c 
          7.060065791565         -0.810556898836         -5.654362377741     c 
          6.675117086097          0.991269193049         -7.969018901152     c 
          6.936683146211         -5.783301252779          6.069954430582     c 
          7.689861352319         -4.083633926371          3.777552354196     c 
         -9.236030927330          0.884570610234         -4.362900844039     c 
         -8.979135001946         -0.999813255959         -2.129448647132     c 
          8.683634257073          6.795218457233          4.810908036562     br
         -6.775960587006         -8.888221365748          3.361142360312     br
         -1.396965970344         10.847520225831         -1.497198578223     br
          0.572999913866         -8.793545388931         -6.187835512811     br
         -3.035826355237          4.582167474468          2.125197917046     n 
         -5.639895511005          1.181874031964          5.287878471951     n 
          6.885900725402          0.687888408697         -3.417116794852     n 
          4.386457498571         -5.140772169613          6.662209791290     n 
          4.184785409335          1.975066281193         -7.718286514806     n 
          5.991047333175         -4.652272318731          1.752546125281     n 
         -7.238190264827          2.694234546851         -4.143862601730     n 
         -6.686374055832         -2.383400128154         -2.481443772168     n 
        -10.245079214855          7.361278252017          2.275990831881     h 
         -9.503258297229         10.234787456664          3.804105150890     h 
        -11.610157095375          7.188831522730          6.744377664112     h 
         -8.519235573161          7.938075530305          7.751627965268     h 
          8.495709256479         -5.051725711721         -8.346120674006     h 
         11.772501499403         -4.415546670316         -8.380912103441     h 
         11.007491895816         -0.360649025999        -10.572180599370     h 
          9.659498099937         -2.872916402908        -12.308920823242     h 
         11.665972403652         -7.746932868393          7.055002838557     h 
         12.686617219531         -5.330220003974          9.118687586840     h 
         14.130564772757         -4.572963582562          4.689052764663     h 
         12.111637804504         -2.143213581778          5.764985944407     h 
        -15.751945267263          1.404316977642         -4.114866237260     h 
        -13.961488929626         -0.680504603127         -6.009611484628     h 
        -15.263196977890         -2.823469232030         -2.063031705482     h 
        -13.842433537110         -0.409016257048         -0.248727620873     h 
         -5.903027676964          8.750140409662          1.205215097489     h 
         -5.105092017182          8.820799860523          4.437008073627     h 
         -9.247559570493          3.324120984526          8.047749273467     h 
        -10.074864691465          3.209289971379          4.817002230028     h 
         11.098191401686         -0.619946318555         -5.701969184201     h 
          9.862406347922         -3.341242513142         -4.215020895456     h 
          5.443782598670         -1.921223622874        -10.485637545347     h 
          6.697403774871          0.771721621220        -12.007404035842     h 
          8.475988907195         -3.272349062770          8.845828512926     h 
          8.170535211585         -6.434553313572          9.870236707450     h 
         10.557159558217         -6.588326898816          2.412401762124     h 
         10.918025982447         -3.415774306704          1.437256941275     h 
        -11.817526800188          3.376866801117         -2.502475714470     h 
        -11.920250083309          3.535728744277         -5.832676301699     h 
        -11.096601815996         -3.964667351730         -3.882183982547     h 
        -11.015274218699         -4.135116590044         -0.555498661450     h 
          0.263333253587          2.593221228365         -0.604259237632     h 
          0.750428254797         -2.051158151618          7.163260726850     h 
         -0.536180216436          1.679088928727         -7.223245437266     h 
         -0.582288909013         -1.290293951596          1.558204745230     h 
          3.149157899756          7.261136887477          5.314875205144     h 
         -6.850594709039         -3.441536212648          4.767665273825     h 
          8.252207327843          3.315966297002          0.405546932610     h 
         -1.334964393028         -9.363338197488          4.465047428720     h 
          2.788724429882          8.346040248971         -4.131387217206     h 
          3.978812606951         -6.786240979251         -2.198480646731     h 
         -5.068061554648          6.775963490003         -2.884533626785     h 
         -3.696726186420         -5.512842792035         -4.558405213973     h 
         -1.299089881905          6.893608997673          4.810351537593     h 
         -2.411773109260          1.316571543910          7.508273907877     h 
          3.020547655241          0.117826473874         -3.170400779126     h 
          3.021570922190         -8.393558604351          4.980703987545     h 
          5.452324596677          5.314649675423         -6.113314118222     h 
          3.590622984631         -1.780184017167          2.865079453905     h 
         -4.957326324075          0.797198681024         -6.695760466162     h 
         -4.803823501599         -0.507261128719          0.401713804180     h 
         -6.780294242802          4.130203605688          1.476586209506     h 
         -4.899826742933          4.732495325857          6.916054937621     h 
          5.534618268366         -2.226682718944         -5.742420298635     h 
          8.129417304326          2.482125344162         -7.844908778960     h 
          7.113575043455         -7.771501835132          5.461037391516     h 
          7.481234652260         -2.105947978377          4.404379440643     h 
         -9.086651969512         -0.222537789133         -6.123243579288     h 
         -8.947825085492          0.104547252654         -0.360840028160     h 
$end
