   -0.04656777
   -0.04655776
   -0.05185178
   -0.04988211
   -0.05204596
   -0.05200609
   -0.04764342
   -0.05023735
   -0.04533545
   -0.04487971
   -0.05208428
   -0.04964710
   -0.05252191
   -0.05261004
   -0.04698475
   -0.04965145
   -0.03029273
   -0.02518831
   -0.03011050
   -0.02923492
   -0.02844394
   -0.03171538
   -0.03412403
   -0.03236556
   -0.02796033
   -0.02898582
   -0.03416860
   -0.03301688
    0.06462348
    0.06415715
    0.06359903
    0.06739745
    0.06653109
    0.06715510
    0.06512588
    0.06630836
   -0.00413497
   -0.00247299
   -0.00198477
   -0.00303039
   -0.00247974
   -0.00345141
   -0.00305144
   -0.00027501
    0.00854992
    0.01245842
    0.00866616
    0.00869738
    0.05669459
    0.05761679
    0.05451946
    0.05452262
    0.05504809
    0.05512543
    0.05295554
    0.05131109
   -0.11171895
   -0.10128673
   -0.11094508
   -0.10889230
   -0.33382235
   -0.33350044
   -0.32354011
   -0.31858342
   -0.32219779
   -0.31892878
   -0.33045315
   -0.32830670
    0.04182036
    0.05841148
    0.05861510
    0.04166924
    0.04285883
    0.04260716
    0.04282546
    0.05377323
    0.04313148
    0.04184232
    0.04202777
    0.04274868
    0.05271690
    0.04201961
    0.04209902
    0.04262968
    0.05402479
    0.05468305
    0.05418074
    0.05361286
    0.05355943
    0.05355649
    0.06146095
    0.04242462
    0.05540979
    0.05385689
    0.05605295
    0.05407787
    0.05708449
    0.04555861
    0.05925430
    0.05067264
    0.07024766
    0.08339346
    0.06894882
    0.07213984
    0.07234948
    0.06678844
    0.05617376
    0.05894425
    0.07587071
    0.07421367
    0.05460227
    0.05839649
    0.04113929
    0.04519982
    0.04247054
    0.05170861
    0.04742330
    0.05157383
    0.03662623
    0.04480748
    0.05413195
    0.05489881
    0.05874852
    0.05799864
    0.05174436
    0.05160715
    0.07185593
    0.05283727
