           1           2   1.0097429938753038     
           3           4   1.0051575649918147     
           5           6   1.0091660351941614     
           7           8   1.0003365243627858     
           1           9   1.0093542135403770     
           2          10   1.0094566373802174     
           3          11   1.0024271519305294     
           4          12   1.0106032160826244     
           5          13   1.0080610975574689     
           6          14   1.0079523634507959     
           7          15   1.0115020959590935     
           8          16   1.0073462483644591     
          17          37   1.3959196380091443     
          21          37   1.3530202973307652     
          29          37   1.0817762370634061     
          18          38   1.3870408448769718     
          22          38   1.3601707883096639     
          30          38   1.0820657511983123     
          17          39   1.3774989463129208     
          23          39   1.3747036258724030     
          31          39   1.0763865338242542     
          18          40   1.3865593177209039     
          24          40   1.3609955981638044     
          32          40   1.0813884342665179     
          19          41   1.3994396493731924     
          25          41   1.3530653903572751     
          33          41   1.0771806431404516     
          20          42   1.3954966022403796     
          26          42   1.3537822607626115     
          34          42   1.0808908323482505     
          19          43   1.3777561017507627     
          27          43   1.3727023219121044     
          35          43   1.0770875054962363     
          20          44   1.3772372279241560     
          28          44   1.3728469499141942     
          36          44   1.0789494259132943     
          21          45   1.4308750555592256     
          23          45   1.4100304306041291     
          22          46   1.4229079455917413     
          24          46   1.4207757268859109     
          25          47   1.4317841081711291     
          27          47   1.4109881640508222     
          26          48   1.4301631475474956     
          28          48   1.4104816008832572     
           9          49  0.98390077400960030     
          10          50  0.97874914641581889     
          49          50  0.91883704420447776     
          11          51  0.96321106451303162     
          12          52  0.97414350796227223     
          51          52  0.94098867047392620     
          13          53  0.98442922458300597     
          14          54  0.98422273254417658     
          53          54  0.89037840244158117     
          15          55  0.95908945605811813     
          16          56  0.96694740097409537     
          55          56  0.94741729461070523     
          45          57  0.96967244421511212     
          46          58  0.96465746887492154     
          47          59  0.96811154523726217     
          48          60  0.97063582842692220     
          29          61   1.8411169248332617     
          49          61   1.0230142318259812     
          30          62   1.8405509444480803     
          50          62   1.0256427306797857     
          31          63   1.8436848709740636     
          51          63   1.0233702136621436     
          32          64   1.8123601489941816     
          53          64   1.0383530846504534     
          33          65   1.8461375911333626     
          52          65   1.0231116149972150     
          34          66   1.8119794370123103     
          54          66   1.0376801736322461     
          35          67   1.8348037979356011     
          55          67   1.0256798341871676     
          36          68   1.8400658390049709     
          56          68   1.0211001773844719     
           1          69  0.97597429384927481     
           1          70  0.97567786524185851     
           2          71  0.97550048395176847     
           2          72  0.97577742417223867     
           3          73  0.98050904887494217     
           3          74  0.97870852816831277     
           4          75  0.97698979185483037     
           4          76  0.97802850359904725     
           5          77  0.97686460348779480     
           5          78  0.97569117315259446     
           6          79  0.97573143653544669     
           6          80  0.97678596931488659     
           7          81  0.97837814416424895     
           7          82  0.97712533192265671     
           8          83  0.97776662757438870     
           8          84  0.97780958115036776     
           9          85  0.97337436596549787     
           9          86  0.97476020911056716     
          10          87  0.97312122567085935     
          10          88  0.97506291972987424     
          11          89  0.97812648610198294     
          11          90  0.97669325769711024     
          12          91  0.97465674199560992     
          12          92  0.97553946940693714     
          13          93  0.97444664445243268     
          13          94  0.97315496098187826     
          14          95  0.97469094983057292     
          14          96  0.97318208072047896     
          15          97  0.97495797599170164     
          15          98  0.97071121670433458     
          16          99  0.97389274258392022     
          16         100  0.97639132144370699     
          17         101  0.96107854149096517     
          18         102  0.95921858474217025     
          19         103  0.96284164926418314     
          20         104  0.96216830773741746     
          21         105  0.96177485758284387     
          22         106  0.96294935101996526     
          23         107  0.96439371678079611     
          24         108  0.96483336564108579     
          25         109  0.96095718053349821     
          26         110  0.96148147063169698     
          27         111  0.96406762929185841     
          28         112  0.96370673522335959     
          29         113  0.93420883104869901     
          30         114  0.93349125383283404     
          31         115  0.93930828864794724     
          32         116  0.93803897198099162     
          33         117  0.93700364437798533     
          34         118  0.93829514119626045     
          35         119  0.93408751006721813     
          36         120  0.93854101761190334     
          49         121  0.95105583700222684     
          50         122  0.95098472631471820     
          51         123  0.95285302455534604     
          52         124  0.95429282804441595     
          53         125  0.95151597152867495     
          54         126  0.95188604594221726     
          55         127  0.95238792209063061     
          56         128  0.95073974698531771     
