$coord
          5.610200876924        -12.744236125150          5.333856629251     c 
          4.231168328737        -13.185336742928          2.841732236756     c 
         -6.767301956059          7.548669947949         10.549784720152     c 
         -8.248035586034          7.124480767749          8.113557217481     c 
         -8.075738734503          9.110380950610         -6.308329376247     c 
         -8.384113730435          7.808928184291         -8.861452821121     c 
         14.383516604436         -1.363503401110         -4.221118364572     c 
         13.799325375773         -2.476356238739         -6.814967759764     c 
          6.423204656980         -9.989664972376          5.553633623826     c 
          1.949849518666        -11.440563023815          2.634666822418     c 
         -4.492757651755          5.784507900056         10.664933393585     c 
         -6.548385630743          7.522688488731          5.821610949042     c 
         -8.070266239521          7.166822277095         -4.181288762484     c 
         -6.283970402281          5.878977978948         -9.266373367971     c 
         12.460961835737          0.671260505979         -3.545715311727     c 
         11.129029858161         -3.555504488987         -6.863761907872     c 
          2.745073031672          0.500245002969          7.250902965294     c 
         -1.931478513079         -1.520989936151         -0.245484300289     c 
          2.509627857592          3.016521328411          0.674202492186     c 
          0.201550776010         -0.885682240579         -7.034779647372     c 
          6.786231247541         -0.575881947573          5.455870481850     c 
         -3.893873189109         -4.090138820213          2.952362939972     c 
          5.637551259856          3.803545331105          6.051670926298     c 
         -6.060488843379         -0.416440990681          1.311439430334     c 
          0.874495826030          7.173583915719         -0.200391472037     c 
         -2.640870973556         -4.216600382450         -5.778745255607     c 
          4.560136180266          5.642652908970         -2.423540780456     c 
          1.868979990183         -4.926856772341         -5.762785444144     c 
          3.758321628371         -3.986088857635          6.534892716100     c 
          0.356766640350         -5.248471830592          1.367497593906     c 
          1.388620058995          4.961016907643          7.572276869380     c 
         -4.066799981541          2.195569806987         -2.030513698378     c 
         -1.223655781807          4.492904338520          3.018278024645     c 
         -4.409052344955         -0.058254035141         -6.815702927031     c 
          6.285699258317          1.385283834759         -1.520168834541     c 
          4.820770691658         -1.464584924908         -6.870926150341     c 
          4.454230294779         -1.323488376466          6.444004999950     c 
         -1.851226214634         -3.605306293396          1.355200713273     c 
          3.304126382528          3.064850967330          7.026614212977     c 
         -4.028448494933          0.068163823971         -0.290805251911     c 
          0.730532389657          4.902381831751          1.128293273222     c 
         -2.250818192944         -1.746393504135         -6.609642713294     c 
          4.433666268842          3.374069816605         -1.082724601960     c 
          2.265466632863         -2.448394072716         -6.584630784966     c 
          7.341509464333          1.967727601900          5.300456945939     c 
         -5.946746723017         -2.481051361315          2.905778263601     c 
          2.776141067551          7.492606526214         -1.963462247225     c 
         -0.572449280984         -5.766931048020         -5.392803818138     c 
          4.151556336529         -8.217295595431          5.360256393859     c 
          2.743221670183         -8.667007847616          2.830704596036     c 
         -2.754598834803          6.182283293693          8.397143264622     c 
         -4.277281781156          5.749407952262          5.899794266292     c 
         -5.962337362531          5.235647298979         -4.553874381148     c 
         -6.279458848251          3.898840467370         -7.167801370754     c 
          9.773392106645         -0.392937792905         -3.566648327065     c 
          9.178510179935         -1.532024294657         -6.201455685945     c 
         10.526377344333          2.995914573691          3.945942433543     br
         -8.709605026490         -3.108283063600          5.131126157235     br
          2.926803010394         10.580716966372         -3.827971420012     br
         -1.118967817325         -9.147371683356         -4.260828270474     br
          5.008559821713         -5.651389326329          5.370215891174     n 
          0.531958224924         -7.119327799724          2.833893537111     n 
         -0.781374338157          4.354680922230          8.375530118018     n 
         -6.080348726436          3.334413478387         -2.636884254815     n 
         -2.608434926323          6.259295356909          3.841833925932     n 
         -4.172217850782          2.242460607245         -7.429000083072     n 
          8.024651702721          1.615779096025         -3.133794160769     n 
          6.722676263715         -2.656046756242         -6.059805476335     n 
          4.359581432316        -13.219067844865          6.905805037616     h 
          7.270683915632        -13.961565421197          5.450623275460     h 
          3.603656013110        -15.145165825909          2.714725789993     h 
          5.515906643078        -12.825024397307          1.267272867130     h 
         -6.121506642595          9.507728125165         10.631740142991     h 
         -7.980561207033          7.208718309249         12.181943524368     h 
         -8.993999151060          5.199902157927          8.088713002520     h 
         -9.843285700901          8.427532117499          8.020708487360     h 
         -6.298341173995         10.159508800510         -6.282492070426     h 
         -9.612198937271         10.452414179135         -6.008960452685     h 
         -8.332432836211          9.205935335732        -10.377092783050     h 
        -10.214399660711          6.856773636116         -8.933167700366     h 
         16.275604495552         -0.544375631334         -4.210356437463     h 
         14.328908973337         -2.858890962926         -2.799643296653     h 
         15.150507338694         -3.967284781285         -7.267037267815     h 
         13.971484889014         -1.003147265247         -8.250440501922     h 
          7.366714406246         -9.656883906538          7.358361186571     h 
          7.747818325187         -9.514584076043          4.046069626839     h 
          0.984901118011        -11.722390913774          0.833403623202     h 
          0.605865571586        -11.837983517092          4.146916778132     h 
         -5.112807187331          3.817836578994         10.674131658265     h 
         -3.408218012240          6.119148811874         12.388185398972     h 
         -5.858984360552          9.465295845857          5.766942592356     h 
         -7.595022286105          7.167977709208          4.080305286361     h 
         -9.872590592990          6.166460383993         -4.117882041454     h 
         -7.789957366271          8.096862834015         -2.361987225415     h 
         -4.446287710284          6.814110137121         -9.285774618509     h 
         -6.528205293629          4.916928405238        -11.075354482541     h 
         12.554286643572          2.221891081450         -4.901416454101     h 
         12.849022006161          1.440364429870         -1.671256889043     h 
         10.956458702515         -5.094709143397         -5.502120412733     h 
         10.688412789884         -4.307789402175         -8.734043791867     h 
          0.928188102981         -0.029703062259          8.009534433131     h 
         -0.356818307536         -1.134945276938         -1.487992957974     h 
          2.401288949945          1.264069086037          1.718052387776     h 
          0.459347140881          1.035648748399         -7.667043720095     h 
          8.099872865852         -2.003557200663          4.833098507105     h 
         -3.817801819375         -5.710851886379          4.185069084223     h 
          6.098137493474          5.782388960932          5.866376414209     h 
         -7.666073564272          0.836173770392          1.288030608496     h 
         -0.507932807619          8.624004419238          0.169396598977     h 
         -4.533124918293         -4.879045648711         -5.403143411340     h 
          6.054631886109          5.900116055818         -3.783846137304     h 
          3.482654799074         -6.125669239075         -5.428827293524     h 
          2.048407181178         -4.434199349005          7.624479577410     h 
          1.854857705337         -4.748140108099          0.010557503926     h 
          1.904503618882          6.928209119757          7.143861180089     h 
         -2.216946031846          2.736161274768         -2.807459236627     h 
         -1.399282743745          2.537265754201          3.699721920213     h 
         -6.240230463229         -0.891174706373         -6.312530455107     h 
          6.066760738547         -0.320158847529         -0.346689293678     h 
          4.974209917675          0.397780201288         -7.776290405790     h 
          2.794945217412         -8.582886413146          6.900281381706     h 
          4.039349196524         -8.165269048598          1.274205092638     h 
         -2.023405396710          8.135488738688          8.351543858668     h 
         -4.889480807811          3.758002745243          5.913346747175     h 
         -4.100926475941          6.169325167714         -4.584775406071     h 
         -8.089468734163          2.863040001001         -7.122249994265     h 
          9.575901494142         -1.913589548803         -2.151285483998     h 
          9.234822183591          0.029705272672         -7.581196487922     h 
        -10.552342207789         -1.597093158916         -3.302383566520     c 
        -12.833810191504         -1.739770647741         -1.537032155350     c 
         -8.833791896500         -3.601983313493         -2.807065810991     o 
        -10.065940167762         -5.979670334663         -2.998770651256     c 
        -12.362492727484         -6.100074167964         -1.248681400066     c 
        -14.062752327453         -4.105219568770         -1.792143895223     o 
         -9.490482144868          0.149351834204         -3.018592523798     h 
        -12.222931372372         -1.487513108368          0.430772580061     h 
        -10.676107929883         -6.282780763104         -4.962654329288     h 
        -11.747384685049         -5.967756417009          0.730051135795     h 
        -14.228192851295         -0.305222183962         -2.027101234660     h 
         -8.669277040174         -7.400020457795         -2.470452197247     h 
        -13.407156050319         -7.851144654818         -1.539379712386     h 
        -11.208162487746         -1.730976883814         -5.271904523070     h 
$end
