           1           2   1.00917434977330     
           3           4   1.00923865095318     
           5           6   1.00921803973794     
           7           8   1.00921417924777     
           1           9   1.00670216569541     
           2          10   1.00732983804091     
           3          11   1.00682403667046     
           4          12   1.00716029129899     
           5          13   1.00705553344259     
           6          14   1.00670428037447     
           7          15   1.00723570723207     
           8          16   1.00672282376285     
          17          37   1.39948783981548     
          21          37   1.35119111518820     
          29          37   1.07750485216813     
          18          38   1.40032876919152     
          22          38   1.35028384779421     
          30          38   1.07956887166805     
          17          39   1.37695115032227     
          23          39   1.37180907674323     
          31          39   1.07805754843338     
          18          40   1.37450371482515     
          24          40   1.37296162338568     
          32          40   1.08149065392624     
          19          41   1.37535209500031     
          25          41   1.37415562597876     
          33          41   1.07968992948897     
          20          42   1.37843820422109     
          26          42   1.37149152188335     
          34          42   1.07679341909133     
          19          43   1.40048019899049     
          27          43   1.35129843541434     
          35          43   1.07815550707828     
          20          44   1.39879349410022     
          28          44   1.35263497855479     
          36          44   1.07653993185087     
          21          45   1.43434958253295     
          23          45   1.41367550290041     
          22          46   1.43362540188140     
          24          46   1.41119572109127     
          25          47   1.40782165607803     
          27          47   1.43239051635976     
          26          48   1.41181933759358     
          28          48   1.43309517280045     
           9          49  0.963645802294062     
          10          50  0.973576809172429     
          49          50  0.943217605025461     
          11          51  0.967406825101646     
          12          52  0.971149476123528     
          51          52  0.938063032671420     
          13          53  0.969736925956226     
          14          54  0.964357516013049     
          53          54  0.943580397964213     
          15          55  0.973272325530113     
          16          56  0.964356665847233     
          55          56  0.939264335883742     
          45          57  0.961634749527693     
          46          58  0.967215565833887     
          47          59  0.969331802666709     
          48          60  0.966013256377607     
          29          61   1.84389882026173     
          49          61   1.02103902187852     
          30          62   1.84212099682723     
          50          62   1.02262881383311     
          31          63   1.84346634683906     
          51          63   1.02245421148527     
          32          64   1.84060104902879     
          53          64   1.02316163760771     
          33          65   1.84278637993751     
          52          65   1.02387462579402     
          34          66   1.84422533245966     
          54          66   1.02180927791870     
          35          67   1.84355435002164     
          55          67   1.02304132673358     
          36          68   1.84505272586779     
          56          68   1.02315890921321     
           1          69  0.976774215434170     
           1          70  0.974458940787834     
           2          71  0.974937974998523     
           2          72  0.976819936457256     
           3          73  0.976732897277208     
           3          74  0.974649197164050     
           4          75  0.976814131871043     
           4          76  0.974823576543280     
           5          77  0.976840310057451     
           5          78  0.974737569948677     
           6          79  0.974418941083118     
           6          80  0.976658641352769     
           7          81  0.974891587459639     
           7          82  0.976805891825874     
           8          83  0.974444925158503     
           8          84  0.976756418656387     
           9          85  0.975373721185449     
           9          86  0.975639218027252     
          10          87  0.975570153242773     
          10          88  0.975007356867782     
          11          89  0.975346215422443     
          11          90  0.975325971625728     
          12          91  0.975033192972757     
          12          92  0.975465119269624     
          13          93  0.975074898622086     
          13          94  0.975701742254421     
          14          95  0.975446591712475     
          14          96  0.975473286318881     
          15          97  0.974997057355957     
          15          98  0.975414868317962     
          16          99  0.975402889952773     
          16         100  0.975376480085084     
          17         101  0.962690082664453     
          18         102  0.961961990169063     
          19         103  0.961758290897338     
          20         104  0.962538750104553     
          21         105  0.962796766858699     
          22         106  0.961613026692524     
          23         107  0.962531678860228     
          24         108  0.964415864270382     
          25         109  0.963832486971313     
          26         110  0.960533524062918     
          27         111  0.961272769355019     
          28         112  0.962088151446323     
          29         113  0.937748588376498     
          30         114  0.937026616546285     
          31         115  0.937442851107604     
          32         116  0.937180025348275     
          33         117  0.936948937758480     
          34         118  0.937152963453491     
          35         119  0.937332271423192     
          36         120  0.937763289346575     
          49         121  0.953603929193692     
          50         122  0.952894721811404     
          51         123  0.953371189117262     
          52         124  0.952937440355252     
          53         125  0.952952746328530     
          54         126  0.953276341728658     
          55         127  0.953223576694312     
          56         128  0.953889705991197     
         129         130  0.993831157383551     
         129         131  0.974827785381201     
         131         132  0.978907119980333     
         132         133  0.992842963112027     
         130         134  0.975875191352024     
         133         134  0.979707721036613     
         129         135  0.968985977339162     
         130         136  0.966221929094319     
         132         137  0.966428844339756     
         133         138  0.964539137368351     
         130         139  0.967839478969998     
         132         140  0.966126801666424     
         133         141  0.968562552420885     
         129         142  0.966043040091569     
