$coord
        -12.074971672630          2.513664006273          5.639197127821     c 
        -11.565655919342          5.126535359248          4.527789063725     c 
         11.565590210547         -5.126013126301          4.528171243980     c 
         12.074822266739         -2.513104604495          5.639525161191     c 
        -10.820545186881          0.461041349925          4.049325494070     c 
         -8.733272616061          5.603110908243          4.275976727723     c 
          8.733224975314         -5.602659097445          4.276273914907     c 
         10.820435662901         -0.460541644779          4.049560860760     c 
         -0.460645718979         -3.403657308706          1.719051274992     c 
          0.460586957573          3.404017198320          1.718965295863     c 
         -4.077056387873         -4.422581455787         -0.846008951707     c 
         -0.086488295623          5.858188803124         -2.068578874686     c 
          0.086509386288         -5.858455358985         -2.068053188075     c 
          4.077103580944          4.422874085141         -0.845961981246     c 
         -4.582946044582         -1.638349657164          2.900058185796     c 
         -3.855622659409          4.574868363013          0.380677961294     c 
          3.855587254260         -4.574841593155          0.381115382585     c 
          4.582937849408          1.638964197366          2.900315503164     c 
         -3.041743747265         -3.221999998450          1.263088888022     c 
         -1.124428635123          4.664681577965          0.038474878531     c 
          1.124407442036         -4.664617017935          0.038824587247     c 
          3.041723399830          3.222438504255          1.263186179618     c 
         -2.499501345920         -5.750114618115         -2.443870825062     c 
          2.499559341987          5.749971615371         -2.444202024667     c 
         -7.984860136280          0.946728240741          3.854633980115     c 
         -7.524026342137          3.560915039131          2.621951889618     c 
          7.523956672099         -3.560462110182          2.622272285472     c 
          7.984753888139         -0.946249255306          3.854890598852     c 
         -3.916964399793         -7.435731854388         -5.316945383103     br
          3.917097790068          7.434860890848         -5.317655893226     br
         -6.771799075796         -0.904421106266          2.293857192768     n 
         -4.847175772443          3.903776892265          2.443359312341     n 
          4.847100504470         -3.903300693231          2.443669885210     n 
          6.771653153236          0.904745581282          2.293977553193     n 
        -11.333813245679          2.432147188449          7.564317388657     h 
        -14.107368231205          2.174353664592          5.726493441725     h 
        -12.446888328875          5.262947365879          2.665923990763     h 
        -12.399936246316          6.577466241463          5.733461815801     h 
         12.446892506681         -5.262463946769          2.666341828823     h 
         12.399855924648         -6.576876690242          5.733928131379     h 
         11.333577588727         -2.431529724463          7.564609826960     h 
         14.107211216521         -2.173771708935          5.726903553074     h 
        -11.619753804425          0.431016497761          2.148670001239     h 
        -11.128351081073         -1.393912629201          4.898091594866     h 
         -8.387701810543          7.449345656312          3.419565711119     h 
         -7.830376467424          5.580276335570          6.130010182221     h 
          8.387736178422         -7.448879432574          3.419806713728     h 
          7.830272772681         -5.579914516168          6.130279774305     h 
         11.619643335581         -0.430624241677          2.148905684080     h 
         11.128254487353          1.394444777729          4.898248571377     h 
          0.382741083772         -2.504359518397          3.340220904428     h 
         -0.382833889347          2.504887916008          3.340214369567     h 
         -6.079504442613         -4.275094450771         -1.189848705328     h 
         -1.281936840219          6.855321173287         -3.387130587017     h 
          1.281973086296         -6.855958658919         -3.386300772259     h 
          6.079599154166          4.275560285603         -1.189594241635     h 
         -3.663925427559         -1.015899481773          4.655403602188     h 
         -4.991290246864          5.036455332378         -1.298451994517     h 
          4.991288774200         -5.036915514472         -1.297861437583     h 
          3.664087731963          1.016925296072          4.655899780539     h 
         -7.128015543034          1.006645811273          5.755616708095     h 
         -8.419266325050          3.579564790067          0.737367031229     h 
          8.419163771323         -3.579056679420          0.737673455394     h 
          7.127906101634         -1.006046993592          5.755879719775     h 
$end
