   -0.05213228
   -0.05215969
   -0.05185463
   -0.05183845
   -0.05290590
   -0.05309940
   -0.05319273
   -0.05299126
   -0.02914018
   -0.02919052
   -0.02755933
   -0.03342924
   -0.03344815
   -0.02745220
    0.06799213
    0.06460739
    0.06462216
    0.06811248
   -0.00201907
   -0.00140425
   -0.00126997
   -0.00179256
    0.00928380
    0.00928105
    0.05440690
    0.05441784
    0.05460403
    0.05448995
   -0.10801970
   -0.10806365
   -0.31166987
   -0.31381446
   -0.31344140
   -0.31125895
    0.04316397
    0.04251021
    0.04328813
    0.04240827
    0.04227650
    0.04339111
    0.04239052
    0.04376095
    0.05595902
    0.05437306
    0.05314681
    0.05523653
    0.04855122
    0.06093968
    0.06225383
    0.04899217
    0.06804056
    0.06762703
    0.07510824
    0.05708951
    0.05710064
    0.07520608
    0.04788638
    0.04472508
    0.04472615
    0.04801581
    0.05070918
    0.05168514
    0.05077709
    0.04999124
