           1           2   1.0090703867920017     
           3           4   1.0097721434752329     
           1           5   1.0074521092448649     
           2           6   1.0068268892225518     
           3           7   1.0026650672854305     
           4           8   1.0039387097054040     
           9          19   1.3960697512565492     
          11          19   1.3546414566879585     
          15          19   1.0789302201505471     
          10          20   1.3771791015699957     
          12          20   1.3729937852651215     
          16          20   1.0775745938090122     
           9          21   1.3773318470347951     
          13          21   1.3732073196104464     
          17          21   1.0777048334667245     
          10          22   1.3961218986409678     
          14          22   1.3549244294688294     
          18          22   1.0782166758221581     
          11          23   1.4303679164068950     
          13          23   1.4117475357528488     
          12          24   1.4120840027282100     
          14          24   1.4302061407906723     
           5          25  0.98518981687323626     
           6          26  0.97009600392106143     
          25          26  0.92459194110120624     
           7          27  0.96723035793869550     
           8          28  0.98236107030651754     
          27          28  0.92395302195840667     
          23          29  0.96874944185867540     
          24          30  0.96857324304084835     
          15          31   1.8383717162143058     
          25          31   1.0215068476682874     
          16          32   1.8426961750776183     
          26          32   1.0246928244746623     
          17          33   1.8414847546832489     
          27          33   1.0261786266572908     
          18          34   1.8375703403182657     
          28          34   1.0231435980188144     
           1          35  0.97704128622602715     
           1          36  0.97577872334459903     
           2          37  0.97703141272033966     
           2          38  0.97497005706040929     
           3          39  0.97671300877774325     
           3          40  0.97892509875660849     
           4          41  0.97735875054372845     
           4          42  0.97877246593125578     
           5          43  0.97489824979155781     
           5          44  0.97428935689805385     
           6          45  0.97479729673868121     
           6          46  0.97537568175571465     
           7          47  0.97845374527452789     
           7          48  0.97690048327567613     
           8          49  0.97610804795540407     
           8          50  0.97853872040856327     
           9          51  0.96032829704969203     
          10          52  0.96055436564983465     
          11          53  0.96194324511240692     
          12          54  0.96434237687037216     
          13          55  0.96430780820029582     
          14          56  0.96185549789253932     
          15          57  0.93573843054978489     
          16          58  0.93653618042812825     
          17          59  0.93710756854142052     
          18          60  0.93636165992633325     
          25          61  0.95104859582798851     
          26          62  0.95365643945336265     
          27          63  0.95615243156465868     
          28          64  0.95340400724255514     
