$coord
         -3.628966883422         -1.327203373970          0.555712994546     c 
         -3.635743733017          1.339593592514         -0.541653482427     c 
         -1.258954222825         -2.747295821820         -0.265555864589     c 
         -1.262946008300          2.763953373393          0.265084499474     c 
          1.133128410318         -1.346050866774          0.546950373680     c 
          1.133096303118          1.351200086905         -0.559056544304     c 
          3.353568500657         -2.810898616656         -0.156488151248     n 
          3.476255483843          2.609143761393          0.174224615018     n 
         -3.685871957914         -1.222212117921          2.616577588576     h 
         -5.306414158840         -2.350056176450         -0.073745842556     h 
         -5.312137199168          2.362673341443          0.093480553945     h 
         -3.700738595986          1.234108833399         -2.602822407184     h 
         -1.249067336907         -2.948409356063         -2.321177991284     h 
         -1.225692974411         -4.638227058736          0.554313288708     h 
         -1.244440431926          2.964036371480          2.323169199674     h 
         -1.261203253330          4.661219048982         -0.557225121503     h 
          1.163048729078         -1.196307487778          2.616964897736     h 
          1.161876904159          1.213297129964         -2.630399649070     h 
          3.369374152434         -3.068093014806         -2.060098782589     h 
          4.922663402997         -1.792317334838          0.274535631973     h 
          3.531039939811          2.805801276306          2.084290229894     h 
          3.543448537263          4.370735855127         -0.582004218964     h 
$end
