           1           2   1.0091683256410560     
           1           3   1.0084279009688142     
           2           4   1.0084240052585438     
           3           5  0.99539354482670350     
           4           6  0.99537902268475120     
           5           6  0.97687802910986155     
           5           7   1.0084557206894345     
           6           8   1.0084593124920000     
           1           9  0.97719694387669787     
           1          10  0.97683722058223266     
           2          11  0.97683348980859719     
           2          12  0.97721177343070420     
           3          13  0.97558191482447576     
           3          14  0.97514716647693334     
           4          15  0.97558889298487916     
           4          16  0.97515650103621410     
           5          17  0.96068911418492564     
           6          18  0.96069569011090272     
           7          19  0.96167408693234058     
           7          20  0.96309046739297488     
           8          21  0.96310161720501108     
           8          22  0.96166950948204655     
